"coal","petroleum liquids","natural gas","nuclear","conventional hydro","wind","sloar pho"
0.532262325793648,0.0543770002581947,0.129418581610534,0.206276532505509,0.0565986754012525,0.021045868584913,2.10158459478447e-05
0.527892063021996,0.0364608122067217,0.136236237294948,0.216014976361463,0.0616012155954408,0.0217488639047831,4.5831614647784e-05
0.515024263713227,0.0389181336013454,0.149705286272012,0.206120492637962,0.0679218121328517,0.0222071852434166,0.00010282639918535
0.504421319869763,0.0389563820479353,0.166887792423873,0.200816850499864,0.0645914313171445,0.0241863767409171,0.00013984710050345
0.503440557396866,0.0345052040091128,0.171758868734101,0.204281434938263,0.0636835218555099,0.0220614119569333,0.00026900110921445
0.49507410158676,0.035991329444573,0.177600253297125,0.207091710608035,0.063105081773567,0.0208604795596527,0.000277043730287273
0.499492306490666,0.0308019325827652,0.206062195244418,0.192940270695484,0.0504318184354113,0.0200148402718113,0.000256636279443434
0.493245736665886,0.0383275824451107,0.213491287471683,0.184214283213063,0.0509472130414522,0.0195449390836828,0.000228958079122525
0.50074547598398,0.0238519832259783,0.197975033863125,0.205868308987614,0.0495554754317751,0.0217925855186012,0.000211136988926677
0.504252581682749,0.022122905027933,0.193373963094634,0.204709666497376,0.0515828677839851,0.0238869138310479,7.11020822752666e-05
0.515172746608518,0.0212014513217394,0.161539973904806,0.222852955370069,0.0550966058374591,0.0240862213801855,5.0045577222113e-05
0.514187339522668,0.0213610437805029,0.157818226958232,0.220277801370713,0.0631978518087796,0.023144669702533,1.30668565716488e-05
0.512510446160179,0.0208642560462999,0.153842315991668,0.221165479650256,0.0679624062963841,0.023620795030746,3.43008244670899e-05
0.506527720237526,0.0200523350719342,0.159583019075036,0.21832718980493,0.0714986314272461,0.0239261218578596,8.49825254682006e-05
0.499569637869229,0.027097974165081,0.171874433191638,0.207896238206264,0.0692833563629288,0.024133257264216,0.000145102940643004
0.489973625677434,0.0269734259762975,0.172280104946391,0.201205781692226,0.0834854046013896,0.0259232734459464,0.000158383660315252
0.491238202152408,0.0263648840250087,0.166070217674141,0.204507921469893,0.0865083562341627,0.0251222368946151,0.000188181549772398
0.481644519972974,0.0228028559143811,0.194918203967978,0.194134319234133,0.0825214178953865,0.0236978884836218,0.000280794531526498
0.478891096355937,0.0259136299471951,0.22216761645841,0.184087938516234,0.0665838866523762,0.0221310189784075,0.000224813091441418
0.479214211721848,0.0259293088801958,0.227933990376038,0.188479472519513,0.0561459944983103,0.0220972994852485,0.000199722518847148
0.498007860143651,0.0243182605291292,0.208441372664167,0.194187709867341,0.0514583427444249,0.0234268419388354,0.000159612112451251
0.516991616299474,0.0263729121986092,0.179076493143563,0.196571781373887,0.0557971014492754,0.0250893611490219,0.000100734386170144
0.525513966762641,0.0211715579801653,0.155090838679261,0.2071694364466,0.0664410432557122,0.0245188664949235,9.42903806974121e-05
0.528983659538387,0.0249177447152324,0.144772373283852,0.211682554506607,0.0665691789217569,0.0230622006629576,1.22883712071174e-05
0.528931623058948,0.0368796146923344,0.150117710208261,0.201904367384208,0.0600949266462655,0.0220338340271477,3.79239828350219e-05
0.523261123907109,0.0358991623528784,0.148926525047749,0.203135260177263,0.0659317949247851,0.0227861349901836,5.99986000326659e-05
0.508043369955686,0.033507486168288,0.157216089362037,0.196439809109264,0.0793258515352545,0.0253035110260377,0.000163882843432887
0.495841788886522,0.0299719525953455,0.162416477762914,0.198308772934778,0.0864789155469244,0.02677252262479,0.00020956964872634
0.487642061127662,0.0261340550785028,0.164479363410376,0.201861479447787,0.0953943311849732,0.0242680322708362,0.00022067747986318
0.492584745762712,0.0333853382545772,0.169030158807246,0.19480901850323,0.0867672769656646,0.0231472487980185,0.00027621290855228
0.484757690462227,0.0325238577597697,0.208535480087434,0.185672015780775,0.0662232766433865,0.0221224076344831,0.000165271631924082
0.484373611553962,0.0326118205435129,0.220933453904898,0.180397363455316,0.0600383668476982,0.0214833438746335,0.000162039819978987
0.509132335506817,0.026745578936969,0.186471917605216,0.196305078047817,0.0570539419087137,0.0241182572614108,0.000172890733056708
0.518369697482382,0.0280133006240361,0.172813758727721,0.195266695731957,0.0599569226364388,0.025465749591676,0.000113875205788765
0.529952003108243,0.0217041073683435,0.156681549164157,0.199624197400196,0.066033406908471,0.025957844460596,4.68915899933347e-05
0.530450559965337,0.0292048552394822,0.136834947132773,0.206449982247203,0.0723471604551938,0.0247004591655584,1.20357944527023e-05
0.520156170370818,0.044438302050312,0.14233558778393,0.203867980755111,0.0661737395375353,0.0229907892880485,3.74302142447878e-05
0.512751886669651,0.0297358821232296,0.16355052655307,0.20351585691472,0.0663993421658364,0.0240115819451191,3.49236283744956e-05
0.498565261225861,0.0314479228601711,0.165101595015898,0.204498746219269,0.0740441537626347,0.026171057053486,0.000171263862678696
0.485775700742033,0.0310445116695911,0.182562056402737,0.201286281835132,0.0717241189862204,0.0274116067534947,0.000195723610791582
0.478606634579921,0.0312007535000259,0.193020370714697,0.197876056561272,0.0732163051065477,0.0258299321179386,0.000249947419597707
0.484789071265804,0.0313530207863414,0.190914506483441,0.195873963285561,0.0730240251703277,0.0237909335924396,0.000254479416085413
0.480105813107599,0.032003174393228,0.213144633291449,0.190397460485418,0.0616837510746644,0.022448250777065,0.000216916870577343
0.482539261273314,0.0300007853608733,0.214243738101106,0.192462160500681,0.0584741792301839,0.0220821812450407,0.000197694288801566
0.488278555970415,0.0257943113986064,0.205697519560513,0.195997526695046,0.0610151252110633,0.0230356251040453,0.00018133606031059
0.503282729902859,0.0244799683222951,0.186802659394419,0.199678113643766,0.0602355390638472,0.0254124168939244,0.000108572778888342
0.519994054794973,0.022704077419781,0.168146912622001,0.194675738609152,0.0691526431390683,0.0252770300397998,4.95433752250095e-05
0.515923864342862,0.0294805297154983,0.15328416019895,0.200283713612708,0.0765063529082105,0.0244980283071463,2.33509146261373e-05
0.514804549697976,0.0354518143243943,0.152579490296556,0.203078694884643,0.0705895354619933,0.0234697409022036,2.61744322329408e-05
0.521397236713101,0.0244774081720747,0.153888109969315,0.203940477903409,0.0723012109875622,0.0239520557342051,4.35005203331471e-05
0.51457748870913,0.0262677854797519,0.167038835562153,0.193545647825485,0.0721357672130735,0.0263149618186164,0.000119513391790059
0.493563253282189,0.0239808484363466,0.183295503935867,0.191391454925526,0.0795383203747525,0.0280305486757411,0.000200070369578265
0.48793922548625,0.0212786861346256,0.177534727614436,0.199570876660318,0.0864553588123996,0.0269644119203745,0.000256713371597359
0.480293009305545,0.0296167917293811,0.210896386548159,0.181672361323211,0.073562694323288,0.0237170543061491,0.000241702464266488
0.461878878133532,0.0323504591710102,0.243186895011169,0.176396128071482,0.0644254157359146,0.0215835194837429,0.000178704393149665
0.462499321935271,0.0358215432260101,0.251399279032266,0.17600587820478,0.0531750689160334,0.0209115162513623,0.000187392434277035
0.48919198511244,0.0349931746352918,0.212313014930307,0.19019541346891,0.0494846065939578,0.0236479650723717,0.00017384018672146
0.512405010583296,0.0321063439839247,0.179871864836645,0.193168017311811,0.0567996492213155,0.0255292436492339,0.000119870413773741
0.517812248305187,0.0223920748945939,0.164361807930975,0.205148188123429,0.0631067169703037,0.0271365730701631,4.23907053487288e-05
0.510248551383246,0.0373701549109613,0.157849768192648,0.205673474185807,0.0634810955872023,0.0253683543541649,8.60138596999263e-06
0.514093556059819,0.0186395214965081,0.136588566585559,0.218449359494278,0.0833462436929096,0.0288432621592804,3.94905116451443e-05
0.5153517749576,0.0159983364849146,0.157653793919073,0.203442696453984,0.0804530479365265,0.0270353691898811,6.49810580215867e-05
0.50545639116826,0.0125764881707695,0.175945508150905,0.19964783326597,0.077153966418834,0.0291164186773695,0.000103394147891229
0.473876258607114,0.0157147883194558,0.191898004657475,0.192889812193201,0.0956826215885674,0.0297642781752082,0.000174236458979041
0.474263051220168,0.0133510138614938,0.202020171509178,0.189620643929669,0.0930885848831484,0.0274420726089754,0.000214461987367887
0.465317728870632,0.0158110353677999,0.225475894066611,0.187535990260007,0.0815971174886614,0.0240702858929149,0.000191948053372527
0.456922032710792,0.0170341339522256,0.266048260946779,0.175610681730271,0.0618867942888699,0.0223472657076756,0.000150830663387316
0.463830954053915,0.0204648224904947,0.264125721924217,0.176312316841185,0.0531953179894089,0.0218676629363678,0.000203203764410942
0.485719095111849,0.0139622822996134,0.221911615296289,0.200317420239147,0.051704029673983,0.026223240211373,0.000162317167745775
0.501099133113093,0.0151891502521175,0.223009140813234,0.178559452544773,0.0529539978638317,0.0290897687473608,9.93566655903028e-05
0.514800847238725,0.015327142635739,0.175986077388025,0.198222865113396,0.065454357596735,0.0301570491295139,5.16608978664049e-05
0.514938373828836,0.0135657706906939,0.169745749381958,0.209199557205647,0.064092405127155,0.0284492403940039,8.90337170686539e-06
0.496293451340429,0.0169272782213085,0.17686661790496,0.208995687695388,0.0735520455912545,0.0273282067646984,3.67124819614632e-05
0.505452983848046,0.0274441107774441,0.181054511301425,0.201513241636698,0.0573629184740296,0.0271135332863728,5.87006759846266e-05
0.497965275700469,0.0168729434639545,0.178974723302423,0.200372046066407,0.0752910310100708,0.0303744141988234,0.000149566257852229
0.481873325799086,0.0167378905645084,0.202027657057756,0.188798792763169,0.0787175085583997,0.0316669027983249,0.000177922458756586
0.476229780801209,0.0147331821617536,0.204520030234316,0.196598639455782,0.0787513227513228,0.0289130763416478,0.000253968253968254
0.477632770585531,0.0159024656116407,0.227553629874724,0.189725746468948,0.0628088208171726,0.0261453381304074,0.000231228511576566
0.469892489500333,0.0139504649308571,0.250460868107927,0.184700194504116,0.0570765472726257,0.0237010629167492,0.000218372767392375
0.450077997580773,0.0170127044921399,0.289904816912811,0.17221250375785,0.0472033310529792,0.0234111099801396,0.000177536223307429
0.475631705598095,0.0138597570049896,0.25173317159873,0.189754562123216,0.0413967580074072,0.0274331089827286,0.000190936684833731
0.486639710117105,0.0142391773852947,0.238445478978691,0.185046314071799,0.0443823190631599,0.0311000191975427,0.00014698118640814
0.506357184158189,0.0099630832184317,0.195919456605308,0.206184355163584,0.0498217700993131,0.0316779026693184,7.62480858553447e-05
0.501160427267878,0.012152052010206,0.195557221317265,0.207530524282481,0.0528808868259071,0.0307044730506984,1.44152455637082e-05
0.502761565171014,0.0123631245137363,0.202513862809731,0.194464223366498,0.0571254979477268,0.0307277390905117,4.39871007826955e-05
0.511942645812088,0.0112699504847092,0.187414761208517,0.200057747361437,0.0577135730872722,0.0314907419921611,0.000110580053815626
0.494315508498292,0.00968992844029362,0.194413607107383,0.199014093602679,0.0666363247771255,0.0356998982111611,0.000230639363066335
0.480344450072714,0.0111112926681809,0.209372702168336,0.187365806630827,0.0726613179953921,0.0388372359025474,0.000307194562002647
0.475447469861769,0.0104286871762135,0.194314861646493,0.198955289842618,0.0835430528615974,0.0370068010508483,0.000303837560460605
0.457972201917645,0.0132858875599431,0.229603270866635,0.188281001073688,0.0781221969642202,0.0323927181983458,0.000342723419522918
0.462555022430078,0.010297275940738,0.251412562329855,0.184092603647767,0.0633021137035266,0.0280654646159639,0.000274957332071667
0.463451504364363,0.00978099904268889,0.258756316841746,0.186372817497491,0.0544846047434381,0.0268842731493482,0.000269484360924254
0.476576690994261,0.0123193521042729,0.236164726661606,0.198048869815372,0.0477829005856935,0.0288327775693868,0.000274682269407188
0.475924950790487,0.0102995198154487,0.232221887890072,0.196900740963629,0.0484886097215431,0.03597622898409,0.00018806183473126
0.496823224435249,0.0107717326549342,0.200218976926916,0.20418954385174,0.0504548601606904,0.0374482747516383,9.33872188320157e-05
0.487189165960116,0.0127585686244904,0.189075947455836,0.211764945005168,0.0605727128073497,0.0385834910974576,5.51690495824574e-05
0.483622789695466,0.0171704726380755,0.189024287329744,0.208447962553517,0.0660770645918075,0.0356377322824014,1.96909089886187e-05
0.467691776661876,0.0110122435703831,0.208837673953953,0.213165571969559,0.0591169627714478,0.0400762028669005,9.95682058804982e-05
0.43590411588945,0.0107713634185329,0.222043181942448,0.21626672070038,0.0702020153288498,0.044561731909159,0.000250870811181119
0.434544820899282,0.00968223899188776,0.213647609287496,0.204990183189618,0.0889206339347639,0.047872909398949,0.000341604298003168
0.422496029263128,0.0102966421202933,0.22113875920489,0.209831384062505,0.0948484702635927,0.0410357606969245,0.000352954388666955
0.425679249404974,0.00932207287486633,0.244567154568764,0.200454749284244,0.0840308838578377,0.0356498143059181,0.000296075703395385
0.42418117383402,0.00900186042022979,0.275738940686372,0.19555590107068,0.0626886557257515,0.0325091010470895,0.000324367215857
0.427569120531751,0.0095382012555227,0.28874403207685,0.189205752252948,0.0512789622688453,0.0333601338805184,0.00030379773356415
0.418443935926773,0.00870480549199085,0.284207475209764,0.200616323417239,0.0529641495041953,0.0347734553775744,0.000289855072463768
0.455249538914929,0.00833043291578163,0.239286074417667,0.188730983290342,0.0640509779557423,0.0441308017838381,0.000221190721699786
0.46069712388412,0.00697730020238212,0.216171711627374,0.198910301956809,0.0707428198125692,0.0463660456016406,0.000134696915103902
0.474319587335062,0.00690244806064579,0.206674456382342,0.20151614466072,0.0704779275556442,0.0400495881900311,5.98478155547323e-05
0.479418899593661,0.0120269638554883,0.20768364769958,0.200732460908218,0.0619134158181682,0.0381969512144523,2.76609104312059e-05
0.478135495259072,0.00741365574769202,0.209391255447772,0.203836480934752,0.0643266632300795,0.0367933517659372,0.000103097614696096
0.462108072474992,0.00790415175971379,0.206215159331059,0.206835971250648,0.0668364832604786,0.0498569572535793,0.000243204669529655
0.440597495627065,0.00793722408862482,0.227625149235083,0.199943776549963,0.0662777299608518,0.05722991920482,0.00038870533359247
0.436303395182976,0.00911756913547538,0.227427621301126,0.202992292395631,0.0763725839507639,0.0473206101523554,0.00046592788167259
0.439867740126359,0.0106025851276749,0.247806522091598,0.181541029532545,0.0793506082731528,0.0403637146525122,0.000467800196157128
0.437748762433552,0.0107511681018619,0.28172642652231,0.175277431808931,0.0597566058384376,0.0343471913152205,0.000392413979687093
0.434070684080452,0.00873294194644968,0.298453663635209,0.17479071221342,0.0491325668402184,0.0344384640181301,0.000380967266120288
0.429321033977164,0.00803248784880566,0.27118810395188,0.200223397254581,0.049831441864761,0.0410052299202235,0.000398305182585405
0.428948076754692,0.00722534448483748,0.25472257985011,0.203499816772009,0.0573454966451441,0.0480154624966354,0.000243222996572177
0.441092019655571,0.00678678404322659,0.228838611580603,0.204435554917482,0.0638283987757686,0.0547673895026723,0.000251241524677138
0.461214348939878,0.00971468121892639,0.216532881838261,0.203181054854997,0.0638885748399959,0.0453471281990476,0.000121330108893773
0.469844387411252,0.00950950537918362,0.206815924914244,0.200101229331199,0.0702305993161519,0.0433883217662318,0.000110031881737734
0.441128535844026,0.00776298961213757,0.212831577570892,0.206637770739844,0.0769633123790023,0.0544047152028934,0.000271098651204475
0.422636080700314,0.00843736385661496,0.209655328044832,0.205800217515992,0.0975813099226784,0.0555073231428867,0.000382376816681659
0.411031905093655,0.00800351309320593,0.234251338046073,0.180102157052436,0.102995704385093,0.063073890519601,0.000541491809936375
0.423091640744581,0.00734150496222782,0.234897299165556,0.175939984199872,0.100562262380882,0.0575778896953538,0.000589418851528169
0.429153260294058,0.00704326694633378,0.248996049362603,0.177222063834698,0.0872968679998371,0.0496829986831209,0.000605492879349435
0.421042341238239,0.00752023118630812,0.287843167176122,0.172495600879347,0.0745943033175807,0.0360489458800864,0.00045541032231606
0.420625974631942,0.00637025576797927,0.297007649709606,0.175191856681524,0.0632703429476554,0.0369715499564102,0.00056237030488329
0.416349596474022,0.00716066596556736,0.273969324935897,0.197476633305368,0.0631521109785062,0.0413422112987274,0.000549457041912347
0.409399965728955,0.00666668822078313,0.257873449316034,0.204775961124996,0.0639736953562734,0.0567961745754108,0.000514065677548262
0.398813374003894,0.00585432803280788,0.250800332281546,0.211694865724765,0.0679042950344923,0.0645814795722368,0.00035132535025824
0.395329056740689,0.00649816058932517,0.259114525247659,0.213642271055081,0.0705786485610366,0.0544774854349009,0.000359852371308167
0.379819051121736,0.00728797351967635,0.270034571533652,0.212963589554983,0.0679867598381758,0.0616285399043766,0.000279514527399779
0.367773920064594,0.00613968510294711,0.296016148566815,0.206207509083569,0.0655115058538555,0.0579152200242228,0.00043601130399677
0.341099654135824,0.0049810906034845,0.301667905743931,0.199531305556453,0.0837411513721434,0.0682322138539613,0.000746678734201765
0.325845282290951,0.00508641490661369,0.324494996497379,0.189077237024227,0.0889868795538304,0.0654296379271252,0.00107955179987343
0.344279667305854,0.00513229994716314,0.321634024566174,0.18427895489869,0.0850168899865236,0.0582838111408607,0.00137435215473484
0.363269790663434,0.00572326835154373,0.322611891556795,0.180277417997852,0.0737770250074724,0.0528821139561401,0.00145849246676187
0.386384433848673,0.00563502384048548,0.33690940615518,0.166471608149111,0.0637937677599576,0.0395776140249482,0.00122814622164427
0.384073351521469,0.00534539369909825,0.335124385140916,0.175661044496995,0.0581330493224878,0.0404993072188053,0.00116346860022866
0.374873513881385,0.00555195706486536,0.325105890148858,0.19256037753308,0.0525465871881128,0.0479945793795539,0.00136709480414427
0.387781263920982,0.00578471872806694,0.29683138426236,0.191466177823215,0.052886109944909,0.0638690634524355,0.0013812818680315
0.420150595822875,0.00590763847863622,0.264518592741764,0.185104917701047,0.0611424263095537,0.0620432595803292,0.00113256936579379
0.399983890743442,0.00607080316576723,0.253428437610938,0.204599491066821,0.0685657690230929,0.0663104731049995,0.00104113528493993
0.395223718288094,0.0079413911027802,0.25670868688025,0.204347017327972,0.071054702591326,0.0638373374161146,0.000887146393463734
0.398478295226208,0.00644095895138479,0.262060268281906,0.198302192893336,0.0658545317322858,0.0674671904582208,0.0013965624566598
0.400889952740441,0.00612839869882772,0.263287915055545,0.193171914319033,0.0630147916283066,0.0716074387773891,0.00189958878045787
0.373248649983646,0.00629451382723796,0.263848931668146,0.189459526209341,0.0837610888240673,0.0811611809389038,0.00222610854865733
0.37059213871972,0.00747925529935626,0.263274747900723,0.194882353670789,0.0882192426478796,0.0732173201195689,0.00233494164196321
0.387151052267618,0.00655689972310957,0.281826300951058,0.18598413689418,0.0766670119631223,0.0593760586369376,0.00243853956397457
0.386822913767188,0.00711563668753448,0.308510422940084,0.178495695697722,0.0689675241531836,0.0479900603766328,0.00209774637765508
0.387366882005869,0.0063461119694723,0.317043769507554,0.184949759946908,0.0560806536910107,0.0457656293746176,0.00244719350456775
0.389918536289578,0.00640344016474358,0.302156840344602,0.192744720677019,0.0496837825408124,0.0563127784661622,0.00277990151708219
0.383750027751436,0.00640344561828613,0.284361827979156,0.200393911810694,0.0545482224808832,0.0674090307929933,0.00313353356655112
0.383997459914272,0.00583902206699476,0.270985870773139,0.206302587712335,0.0561263692649627,0.0741324019685664,0.00261628829973012
0.40136712671386,0.00693465971786036,0.265791841377086,0.201713435301973,0.0597778419089978,0.0620101742294351,0.00240492075078797
0.415420293840768,0.0186982367438466,0.243267471255857,0.193468971134217,0.0572079838377,0.0683010545689172,0.00363598861869453
0.440286859053144,0.00848962686200285,0.23585983973256,0.192465340937024,0.0534511577601888,0.0648413303180768,0.00460584533700408
0.409554254840162,0.00956926309470209,0.237190454750113,0.187294011706439,0.0728110460753414,0.0769052979138526,0.00667567161939066
0.365493183855302,0.00586295468835703,0.259665681146236,0.188581118142049,0.0850847502976628,0.087034609158651,0.00827770271174196
0.363915431771601,0.00626204386494328,0.275925137326867,0.192845829337859,0.0813207888214552,0.071023954462319,0.00870681441495538
0.382589809618625,0.00561744634226378,0.276531310311073,0.189485920232262,0.0715918508095241,0.065774178657041,0.00840948402921072
0.386165086755328,0.00527009902727702,0.29977107846047,0.185666466220523,0.0628618031377994,0.0526855051629937,0.00757996123560853
0.384276084863169,0.00530653661769122,0.319647645968585,0.184121289307199,0.0512714979446878,0.0475646879756469,0.00781225732302053
0.369315020353179,0.00570474712273406,0.315430345271913,0.197777257152898,0.0470729493074062,0.0562714147655724,0.00842826602629806
0.35228056848036,0.00480169657835596,0.312623049409679,0.197483619789194,0.0543126641977653,0.0700091792485677,0.00848922229607825
0.373657912318506,0.00545147155228927,0.267959587595236,0.204320400987413,0.0584198260422254,0.0833780303814462,0.00681277112288395
0.367393867924528,0.00617924528301887,0.271795400943396,0.216282429245283,0.0658284198113208,0.067219929245283,0.00530070754716981
0.366139599170698,0.00821838286109191,0.284552868002764,0.205307532826538,0.0667256392536282,0.0638009675190048,0.00525501036627505
0.378056260197459,0.0188198935296009,0.275301606583539,0.188946252694511,0.0663534483785297,0.0656746102635559,0.00684792835280527
0.332931316497728,0.00545638117333677,0.308850201161859,0.198083822044639,0.0745142808041564,0.0703253267537601,0.00983867156452063
0.300989328778475,0.00584465001437486,0.317380054455362,0.202208655358441,0.0760041264311444,0.085251390979351,0.0123217939828516
0.322839045049606,0.00598541768275743,0.317094402291683,0.203198602270693,0.0621230174654426,0.076726942714089,0.012032572525729
0.344971177600878,0.00510842712050508,0.33677189129838,0.188075761734834,0.0560362338731814,0.0581498764754323,0.0108866318967884
0.345561730342605,0.0057237543257323,0.35394862036156,0.177406572877255,0.0522044155386018,0.0549346264778291,0.0102202800764161
0.341510792826422,0.00540909275338797,0.356071979225838,0.183637811409559,0.0484916416457032,0.0543394465633368,0.0105392355757527
0.335125616008408,0.00577734225214094,0.353119452373851,0.188817405876756,0.0457131495604505,0.0613721897944982,0.0100748441338957
0.308294992544257,0.00564597326128239,0.353720862062373,0.192992238379873,0.0529867580898003,0.0764564189490588,0.00990275671335534
0.288784270101871,0.00566133309496141,0.341901479561263,0.19951729686243,0.0640227247896864,0.0911342199444461,0.00897867564534231
0.274750408311127,0.00520980437906009,0.340777080544742,0.213776970024437,0.071119816290693,0.0867400194024535,0.00762590104748689
0.320499312160494,0.00667218444833012,0.314228249723875,0.204868830277367,0.0723573262675597,0.0744081331725079,0.0069659639498654
0.29396562658549,0.0070046930492136,0.316305175038052,0.208136732623034,0.0765442668696093,0.0873033992897007,0.0107401065449011
0.23560077823044,0.0058791653609109,0.343185260628852,0.215936096312546,0.0894116264493889,0.0964659720045963,0.0135211010132665
0.244334064057518,0.00623092013647714,0.33918025621652,0.212549256118262,0.0876801257703945,0.0944972064199823,0.0155281712808454
0.256044204020485,0.00613666138040405,0.349683137658039,0.208659023524913,0.0798768906746567,0.0829765628427974,0.0166235198987043
0.313328490766269,0.00533852514129405,0.357970118300853,0.181393741207095,0.062747247702706,0.0646374690476255,0.0145844078341574
0.328610067835671,0.00559752763809404,0.368330336092723,0.169586766499689,0.0517204803941894,0.0618235115445994,0.0143313099950341
0.328647996394528,0.00566020363164093,0.377968820419378,0.173309813765732,0.0474187436092521,0.0526718778016312,0.014322544377838
0.322414621055902,0.00544052427897517,0.357907968701449,0.184876133442558,0.0462359820344058,0.0679557074658908,0.0151690630208186
0.314849612127522,0.00498965250180923,0.329504335792187,0.192771352030776,0.0550353592422838,0.0877950306616051,0.0150546576438175
0.290839265642563,0.00625234170101161,0.317681849809988,0.218042471765776,0.0629181608949312,0.0908044746561045,0.0134614355296259
0.341905910874754,0.00585933563483814,0.280594513819106,0.20633499275861,0.0648644290818839,0.0901013218776364,0.0103394959531714
0.333238947462706,0.00591163748891207,0.279424554387932,0.211273140189022,0.0769379682574538,0.0828987249239375,0.0103150272900372
0.29631576252965,0.0054333543796181,0.286053139024931,0.216924625859627,0.0815071415163564,0.0996535895291889,0.0141123871606287
0.277564673982252,0.00514037414469454,0.299023794807446,0.2021766611484,0.0919769785781508,0.103972220237855,0.0201452971012017
0.272850174777084,0.00433084865847686,0.300452206351017,0.190352707535207,0.0986567995330332,0.109532563553778,0.0238246995914041
0.284294648848903,0.00556779564933612,0.303762015805553,0.187880162161665,0.0999169580285652,0.0934268142832191,0.0251516052227578
0.297243718947255,0.00523110016229682,0.327203656240409,0.18527550368693,0.084535352781303,0.0767274104671771,0.0237832577146286
0.313099636877193,0.00443544333592415,0.363095836469691,0.17485307134223,0.0652149927301882,0.0593819801839397,0.0199190390608335
0.307994483896328,0.00446701292675697,0.367158562204379,0.186578340271423,0.0567952468714155,0.0567746259231096,0.0202317279065871
0.289822479968126,0.00484896778668083,0.351767084274057,0.200976876650877,0.0565230864580105,0.0745643159649977,0.0214971888972509
0.279515791571187,0.00481032679087377,0.335922710969413,0.205474120753213,0.0551023712264621,0.0985011706685265,0.0206735080203248
0.293287517567724,0.00538313756334051,0.30968513480408,0.214738837242286,0.0641076885387522,0.0974218961537966,0.0153757881300205
0.302090776087918,0.00764122804032981,0.319394826080546,0.208964195388611,0.0630805348576095,0.0860495843398773,0.0127788552051081
0.317628200007456,0.0173613884850325,0.297004894207367,0.198774584205397,0.0667401596608671,0.0893419181671486,0.0131488552667316
0.265416304098183,0.00503983670670285,0.32272746387524,0.209583453290936,0.0805532822017423,0.0983641556979592,0.0183155041292372
0.248316856078105,0.00453355508331023,0.332316979272537,0.206452308355662,0.0796482798977486,0.105663863993347,0.0230681573192892
0.241130927919783,0.00505629982740199,0.328005260129859,0.194404536862004,0.0924303443741267,0.110051779403304,0.028920851483521
0.248744268582052,0.00454427383554807,0.34069503748953,0.196480741560113,0.0888541250156875,0.091904071167356,0.0287774823497135
0.27021566033165,0.00505807468380378,0.351874282884806,0.185519530823641,0.0734672037099647,0.0859819453355234,0.0278833022306109
0.27774140122482,0.00457622385702731,0.400201729384124,0.174421291838385,0.0604225243615915,0.058802430381697,0.0238343989523553
0.279362021188312,0.0046734641385636,0.396254434452603,0.175393216440111,0.0534245378705892,0.0673260311467215,0.0235662947630995
0.268300748954382,0.00515236149902038,0.397929606625259,0.17987410896661,0.0532633012352884,0.071482762933011,0.0239971097864299
0.266086097440495,0.00480860120626673,0.379004372564445,0.181113814742311,0.0596059203424871,0.0869329235197619,0.0224482701842332
0.285846709124281,0.00511831877702361,0.336632626664531,0.196953645647273,0.067483585656389,0.0905714532083421,0.0173936609221597
0.291127375300359,0.00511045074117497,0.322341462848387,0.207949783509582,0.0661572660684644,0.0931373118042416,0.0141763497277909
0.278776978417266,0.00611400280697101,0.33935892760446,0.20361867188277,0.068511089745715,0.0884720794792737,0.0151482500635436
0.251561855783666,0.00474300587603979,0.356732581963988,0.203678583455816,0.0720137474782127,0.0927167950247222,0.0185534304175545
0.237267092030633,0.0042092257749972,0.354740829792839,0.197076556429365,0.0797451450063138,0.100273448264376,0.026687702701475
0.199539795072277,0.00393938082124269,0.35063819301301,0.201734259959174,0.0926403841479049,0.118218054551933,0.0332899324344574
0.214852097710855,0.00500330265796718,0.353731106853688,0.200622274559969,0.095588784711533,0.098189067454921,0.0320133660510672
0.219858970016432,0.00425497370034348,0.389374882778274,0.192607543060614,0.0785994418146343,0.0829020040366264,0.0324021845930761
0.242969224685833,0.00432792924860397,0.418246742600326,0.174079199899698,0.0599761783058628,0.0717254814971983,0.0286752437624775
0.231670123816891,0.00426436606047467,0.434608126684437,0.17715472430664,0.0556239868743256,0.0683776686161381,0.0283010036410936
0.235048102765498,0.00412466130606961,0.414248730240569,0.181177941837888,0.0508068320187804,0.0871087879419476,0.0274849438892485
0.206278206985602,0.00352770733003216,0.40787030887518,0.191623702980635,0.0565483453446311,0.106578772592618,0.0275729558913021
0.237102757395633,0.00386650514383274,0.373488077229674,0.201249709698275,0.0634521111996837,0.100152526095771,0.020688313237131
0.212777621426394,0.0042537348436877,0.390135791177091,0.214222894533174,0.062964656769624,0.0995215647646521,0.0161237364853772
0.188970987122471,0.00449074436698781,0.398130016912816,0.2151669959299,0.0710686405054698,0.102527059055609,0.0196455561067451
0.174231010087858,0.00399608142209656,0.400445180211182,0.204333376735304,0.0801944408276136,0.111428358847492,0.0253715518684548
0.161745013518339,0.00444766107228485,0.405658572667449,0.20404083558639,0.0759545732796001,0.11699102178238,0.0311623220935571
0.143228387214908,0.00436639705338625,0.392151753425333,0.208354607781342,0.0816727526260005,0.128896745273551,0.0413293566254793
0.150344136749927,0.0042039616117879,0.381523249426439,0.207897372927909,0.0968623776133389,0.114188774356157,0.0449801273144408
0.183001900575779,0.00453839555523163,0.403443462075384,0.18838966849249,0.0784870519771034,0.103110440832665,0.0390290804913465
0.216186581389576,0.00421967365607852,0.439812416106574,0.167208484652775,0.0644446104573683,0.0719441104103759,0.0361841233272524
0.225876481040452,0.00414852410183462,0.433037517626271,0.170951905372017,0.0577026494546698,0.0747923879291331,0.0334905344756231
0.202543976265696,0.00353527427984331,0.421656959960206,0.19460885476655,0.0553060203293075,0.0884351525882412,0.0339137618101552
0.188399587949735,0.0038653339087756,0.416873269341633,0.187004035446404,0.0592558523423545,0.111855265769271,0.0327466552418275
0.200951846049248,0.00463770400806672,0.363793720706429,0.202850282959065,0.068622910651939,0.131376432449476,0.0277671031757762
0.226229989550378,0.00486785402771021,0.370952930643875,0.201136504299314,0.0619147276333478,0.113077571887927,0.0218204219574473
0.230543952052307,0.00464833817653469,0.362005652924083,0.203562023247366,0.0696966945150745,0.105963948419906,0.0235793906647294
0.267276571819693,0.00687212770118314,0.34224051530263,0.192364574166422,0.0615313630585705,0.101392148235064,0.0283226997164369
0.196029006618322,0.00454732575445708,0.341616263972893,0.201741663763894,0.0671965546724089,0.146264922891795,0.0426042623262295
0.180990557335257,0.00410579809804941,0.363239018499572,0.191509987756403,0.0650386595776797,0.143115911644835,0.0520000670882042
0.19613340252594,0.00420375789548027,0.354939645828024,0.19466254786419,0.0715744286236301,0.124687942369519,0.0537982748932172
0.230044287446618,0.00365107818843254,0.396346285654031,0.174170928454684,0.0618284388675067,0.0883429113723836,0.0456160700163442
0.246746682284212,0.00380070133146052,0.416120903128288,0.167269740439316,0.0537007020604953,0.0701161352408123,0.0422451355154154
0.243404969184556,0.00464561641642311,0.415206746658573,0.166016264436898,0.0485782358606219,0.0817834005243046,0.0403647669186229
0.22373470771273,0.00450436395714614,0.394835298555937,0.183011059518305,0.0482829239789305,0.101427611070297,0.0442040352066533
0.192856196197245,0.00477424803281872,0.409660686271186,0.180000554786731,0.0528064503203893,0.119559622621737,0.040342241769893
0.180615576229926,0.00525246425493637,0.387814282928548,0.197357412894013,0.0609317305454385,0.133261623042907,0.0347669101042315
0.176275038984609,0.00457830546900467,0.37741212678294,0.207682978042341,0.0691943768189147,0.138247792340516,0.026609381561675
0.231937633064644,0.00971570507049116,0.360010698132593,0.186891609910072,0.0640775773496171,0.117713883210287,0.0296528932622949
0.216069906223359,0.00528254780172939,0.352670198514188,0.188320545609548,0.0649159663865546,0.133939227865059,0.0388016075995616
0.184922871776222,0.00442161408612904,0.343758523502137,0.191393156953662,0.0740552171409522,0.15048640785526,0.0509622086856381
0.178520956344981,0.00412028522569612,0.343390443003259,0.178395121479044,0.0647436517923402,0.169289839641209,0.0615397025134708
0.17923230377657,0.00409873655729059,0.367252528031919,0.181668615716218,0.0669527183508748,0.13958061039646,0.061214487170668
0.19034232236133,0.00409377331896194,0.405501202222038,0.170267287123787,0.0673347981096095,0.104728049083824,0.0577325677804494
0.20088055957841,0.0035636162452549,0.441965126307299,0.160065181865308,0.0571085194371671,0.0848015137814083,0.0516154827851532
0.203392621870883,0.0037640106165626,0.453180195146169,0.16444453991713,0.0504406064424968,0.0753780718336484,0.0493999541731111
0.181661668487997,0.00444386062487947,0.441409514333547,0.178126144154367,0.0475856421378603,0.0941427681059372,0.0526304021554121
0.169777649762371,0.00489032767073881,0.420968923564366,0.184545687933226,0.0449803698114625,0.121725953801744,0.0531110874560904
0.172771291103552,0.00453249977015721,0.393595047654071,0.190129018418069,0.0548496828169532,0.146005332352671,0.038117127884527
0.201316854364138,0.011083524231492,0.388729921400255,0.189555698824433,0.0560486138736094,0.12452778425536,0.0287376030507126
